model:
  range_min: 0.3
  range_max: 8.0
  width: 640
  height: 480
  f: [554.254691191187, 554.254691191187]
  c: [320.5, 240.5]